0.67 1 1.8 2.67 1.67 1.46 1.33 1.33 1 1.33
0.9 0.65 0.55 0.325 0.35 0.25 0.2 0.15 0.1 0.075
0.56 0.92 0.92 1.19 1.7 2 2.74 3 3.76 4.07
1 0 1.7 0 0 0 0 0 0 0
0 0 0 0 0 0 0 0 0 0
0.67 1 1.8 2.67 1.67 1.46 1.33 1.33 1 1.33
0.9 0.65 0.55 0.325 0.35 0.25 0.2 0.15 0.1 0.075
0.56 3.35717 4.42857 4.64286 3.92857 2 4.64287 3 3.76 4.07
1 0 1.7 0 1.8 1.68571 1.45714 1.31428 1.14285 0
1.18572 0.771429 0.885716 1.20001 0.742857 1.30001 1.20001 1.04286 0.942863 0.942863
0.30101 0.174932 1.83775 1.83774 0.432228 3.16227 1.33 3.16227 1 1.33
0.942857 0.814284 1.20001 1.20001 1.21429 1.21429 1.24286 1.28572 1.05715 1.01429
4.78571 4.42857 4.28571 3.92857 3.5 3.00001 2.71429 2.50001 2.00001 1.78573
1.80001 1.31428 1.7 2.68573 2.42859 0.6 2.48573 0.6 1.14285 0
0.357142 0.671429 0.828572 0.914287 0.714285 0.614284 0.82857 0.742857 0.814287 0.928574
2.06206e-05 2.4712e-05 2.06223e-05 2.06223e-05 2.96127e-05 7.31697e-05 0.000180794 0.000921126 0.743761 1.53361
0.1 0.542862 0.600005 0.771436 0.871437 0.914295 0.928581 0.942867 0.957152 0.957152
0.428574 0.857158 1.35717 1.78576 2.57149 3.50009 4.07154 4.57155 4.92871 4.71441
1 0 1.7 0 1.14286 1.22857 1.28572 1.34286 1.2 0.999998
0 0 0.414286 0.485715 0.885714 0.9 0.885714 0.814285 0.599997 0.571425
